3 1000
51
875
551
241
25
621
525
707
717
909
530
852
949
208
208
806
643
502
834
373
675
398
173
145
159
399
449
381
399
29
369
451
256
272
44
633
893
921
693
962
830
223
167
132
431
375
290
427
229
124
152
256
875
325
402
34
77
851
767
828
232
136
631
841
760
675
474
653
949
167
968
779
391
135
263
174
862
906
953
92
382
458
348
257
783
102
643
212
953
411
393
538
899
24
379
660
52
853
665
353
21
633
132
764
768
748
290
631
6
596
75
388
54
775
646
189
878
641
754
183
52
147
721
952
523
100
612
927
954
629
280
327
263
765
443
383
865
85
366
871
681
441
259
735
569
257
277
447
899
31
982
303
530
704
255
53
156
219
333
462
849
613
789
464
730
584
847
595
670
214
466
351
7
726
439
576
335
68
375
586
99
358
890
981
414
145
34
570
717
719
33
918
333
174
382
63
759
581
11
429
147
477
132
155
555
571
83
891
639
459
477
90
169
719
71
935
865
458
505
934
177
890
852
862
65
586
278
176
167
289
605
315
118
737
822
674
661
905
917
300
716
746
743
237
466
814
172
683
624
30
617
802
920
821
16
337
407
294
513
574
935
470
241
54
208
63
728
869
321
645
521
389
743
616
627
209
431
151
892
55
533
509
209
806
682
226
143
89
872
9
16
808
479
609
214
687
25
942
908
346
939
782
87
682
398
66
892
181
218
136
589
103
998
798
909
680
376
53
122
249
62
138
409
893
99
623
933
124
917
841
822
208
623
910
890
374
976
134
555
546
623
144
650
621
295
911
653
671
964
775
272
378
265
33
624
365
656
557
489
925
398
312
133
374
574
376
100
902
510
655
801
485
152
803
106
447
714
760
118
31
887
743
409
153
776
385
518
433
942
359
358
693
23
492
67
597
868
167
852
730
174
653
216
326
456
674
773
170
786
244
201
674
987
963
179
763
348
697
548
291
408
907
984
432
751
403
381
971
922
233
53
448
886
621
775
342
648
900
865
434
144
66
460
131
381
639
247
730
688
795
373
97
54
709
881
157
464
262
480
386
496
534
834
382
507
961
77
155
862
942
942
358
360
402
842
742
394
89
824
434
236
549
883
643
258
764
800
74
379
281
460
227
167
646
961
674
960
38
182
174
332
124
532
693
878
726
787
272
167
963
59
404
512
942
47
122
59
199
196
438
480
8
665
647
6
626
674
966
17
856
492
349
332
25
394
210
103
533
835
271
496
894
675
360
188
74
834
247
273
30
37
106
390
54
105
397
33
779
715
50
987
208
751
319
585
146
530
688
31
717
959
528
963
986
240
151
412
75
751
686
105
788
792
848
843
249
597
876
29
312
278
368
872
29
688
809
527
570
498
559
287
809
439
250
148
679
401
560
754
504
598
212
293
390
60
488
992
657
716
21
321
994
389
546
23
429
355
903
999
205
462
638
367
901
888
515
932
642
75
687
146
674
251
791
416
311
279
408
320
347
781
993
341
523
539
717
952
247
620
304
804
434
942
171
687
183
38
619
177
114
658
675
140
909
467
908
220
98
669
892
446
450
886
139
325
777
856
278
376
828
934
181
262
876
704
949
411
743
569
588
209
227
264
701
137
83
609
709
181
630
602
979
433
840
119
758
969
975
388
346
156
322
879
418
551
583
720
962
678
641
551
887
220
167
940
709
250
902
419
431
532
373
411
965
565
882
724
534
209
464
880
365
787
759
784
338
695
856
652
373
497
203
613
717
370
553
427
972
807
198
756
340
923
167
657
840
401
381
374
610
846
607
976
985
366
112
675
413
968
327
787
817
883
400
886
605
305
665
578
113
215
334
805
138
853
462
978
254
196
705
864
394
312
192
379
678
656
54
92
976
733
231
793
616
983
32
222
640
697
800
105
913
486
910
403
339
725
382
593
921
439
809
315
751
354
46
781
362
452
225
339
185
456
484
154
791
516
376
432
214
528
537
127
14
800
530
705
525
264
650
446
55
459
113
806
165
511
588
528
963
165
219
500
622
703
654
765
220
382
197
786
262
87
265
276
887
147
981
412
764
631
210
819
443
323
626
960
834
566
488
149
731
59
1
705
763
8
471
335
390
20
121
653
107
386
281
994
533
615
758
297
246
968
117
41
643
95
2
829
661
842
330
744
902
332
802
17
340
273
352
82
645
825
87
753
211
369
99
96
984
210
746
582
178
215
624
174
310
978
3
323
820
334
419
74
666
221
443
358
494
795
440
140
620
880
245
183
249
696
632
585
906
378
167
437
593
791
611
255
121