7777 10000
774
679
741
417
617
497
596
909
916
118
114
343
586
476
617
719
231
120
771
376
582
49
941
309
397
71
798
971
424
69
340
198
100
433
968
718
930
916
979
199
34
93
894
621
922
511
692
505
984
815
881
566
864
822
227
613
245
25
585
670
446
277
220
898
710
540
616
993
456
595
192
491
41
438
464
963
301
508
468
285
676
701
203
892
523
430
506
120
807
443
142
605
720
715
504
782
255
472
775
64
420
319
907
461
109
723
776
411
231
596
696
259
297
900
152
172
682
10
644
842
453
787
447
173
854
303
307
461
776
83
525
196
754
432
9
864
507
137
627
91
733
323
350
382
575
854
906
258
864
550
452
317
337
899
842
543
203
150
5
331
585
530
879
339
315
888
555
822
25
182
913
110
858
616
844
785
470
750
395
335
300
847
652
990
747
495
533
302
997
538
633
582
421
512
273
88
752
829
910
129
363
176
591
573
792
435
359
262
185
754
949
837
602
954
179
701
801
713
3
798
603
988
380
376
852
653
464
604
834
727
85
550
903
676
123
47
463
834
661
0
589
611
837
191
565
17
244
366
82
247
516
37
587
896
414
439
901
878
395
88
605
480
638
860
508
113
259
971
948
921
971
889
884
160
432
801
529
676
167
611
275
683
649
862
931
415
301
184
645
48
272
603
528
262
463
36
728
723
359
28
996
330
917
880
490
701
33
20
377
200
983
4
235
984
866
518
399
519
702
45
919
327
0
447
941
463
835
669
538
194
697
886
876
966
118
366
19
151
738
748
703
74
752
290
58
970
808
810
841
863
207
760
190
207
559
131
670
394
153
561
940
202
447
816
521
566
535
540
717
625
289
421
699
41
711
758
364
872
920
205
735
127
318
277
334
877
760
356
624
265
269
564
468
69
381
989
635
268
529
704
893
170
477
593
564
541
703
928
413
975
485
500
102
803
129
788
33
241
496
657
507
766
221
975
835
954
964
822
222
845
526
468
16
356
413
580
897
468
860
662
443
345
162
545
501
643
685
534
884
181
191
391
947
764
718
134
719
34
956
293
880
835
113
248
191
526
828
88
994
40
750
789
385
264
334
886
259
371
420
143
553
963
887
852
728
957
987
799
992
943
92
224
778
206
472
969
84
652
409
431
692
159
220
429
775
907
316
34
278
88
530
831
52
769
684
132
726
671
931
718
966
23
294
745
581
118
66
18
770
476
449
814
987
669
244
763
576
912
149
855
352
679
38
404
448
722
536
175
745
819
245
712
195
892
809
776
10
875
146
781
351
595
947
691
265
543
454
193
455
603
48
808
635
87
564
435
161
453
962
907
272
208
971
819
100
780
948
110
7
94
243
711
690
543
402
307
86
856
500
894
811
901
54
798
340
618
234
501
423
196
760
48
756
731
867
208
511
815
671
871
262
914
582
952
809
984
259
896
192
111
142
3
12
196
154
352
166
388
206
942
584
966
990
693
698
209
901
561
377
572
432
639
839
14
943
648
350
554
896
542
665
38
898
30
234
52
382
753
440
588
695
376
907
685
69
957
246
323
518
623
895
303
614
86
669
557
735
20
111
631
562
129
22
812
159
608
864
541
361
656
482
56
33
741
93
454
698
340
129
568
315
25
871
282
111
893
839
198
265
303
182
179
432
204
992
943
812
856
484
174
513
318
582
898
59
676
704
109
16
834
678
683
211
901
965
674
794
157
225
59
460
407
591
244
963
583
187
127
791
23
301
656
694
236
554
105
912
611
215
280
797
893
963
360
794
281
386
941
438
611
0
250
370
591
494
333
526
681
461
318
56
114
974
750
350
881
856
262
844
423
894
641
316
858
353
462
139
739
403
929
703
756
179
73
347
673
759
226
706
220
544
114
334
870
217
37
751
73
651
595
848
546
588
164
404
941
978
895
33
382
176
88
138
355
161
837
380
920
63
438
492
959
552
179
830
769
216
581
194
867
529
42
413
117
558
169
411
537
416
796
271
592
884
409
299
397
246
679
318
662
117
810
621
22
341
451
143
557
385
338
777
266
732
542
735
643
64
146
532
480
294
803
425
178
212
724
576
810
756
246
824
225
408
446
599
750
249
743
659
986
433
436
252
165
979
988
160
395
486
692
227
133
847
652
663
411
729
591
222
837
837
46
62
598
844
662
348
446
405
7
432
838
796
37
355
127
377
868
522
863
560
749
348
408
754
12
171
483
603
393
320
793
792
734
391
636
396
91
82
153
450
867
343
246
904
699
373
281
919
247
496
479
349
845
239
103
209
411
938
812
156
610
957
300
344
348
289
93
791
371
246
242
590
590
488
494
641
214
127
560
813
976
391
162
173
983
617
382
746
555
546
902
165
504
203
510
204
492
955
996
215
201
590
158
143
78
652
136
644
132
696
810
108
440
972
281
423
590
15
169
497
561
423
663
417
978
525
974
822
480
322
38
33
912
196
177
342
200
313
987
684
362
797
792
154
121
425
577
63
440
98
561
354
521
224
123
852
101
97
674
933
419
64
966
331
612
495
674
165
161
13
849
523
162
994
677
635
771
606
699
564
704
260
918
577
836
41
781
937
491
456
870
910
872
836
594
485
684
620
650
845
633
851
368
147
197
397
782
969
355
481
533
411
93
803
340
929
196
122
866
687
578
88
598
450
277
544
287
961
164
289
806
149
141
526
296
690
923
78
659
630
912
192
41
5
347
381
935
544
503
153
231
433
242
181
236
519
725
523
480
889
165
638
38
658
164
686
348
439
117
8
69
29
552
110
386
900
843
673
796
347
827
27
132
421
209
368
292
286
244
124
528
761
762
566
419
926
605
119
365
722
479
786
751
384
248
489
636
91
163
432
790
990
459
923
763
20
643
55
659
239
179
187
352
293
105
771
219
710
243
936
432
722
74
535
106
322
25
742
413
188
174
204
530
986
479
293
358
474
700
17
714
879
204
66
524
310
190
95
20
433
31
805
507
457
340
614
779
717
708
192
905
883
748
787
221
227
80
579
702
132
597
768
11
801
186
887
463
728
982
484
161
365
641
21
822
333
635
601
51
343
794
308
578
894
96
151
122
528
731
176
661
680
944
24
481
130
912
297
859
246
133
372
612
774
745
434
107
380
36
510
76
182
819
6
76
267
158
550
147
241
726
808
921
22
185
754
505
449
51
716
695
184
88
307
310
834
742
418
566
130
280
994
664
99
353
92
718
863
643
866
104
721
26
377
744
211
131
249
660
535
965
356
71
405
15
382
591
109
152
510
591
432
856
255
884
209
700
602
72
343
820
528
416
847
905
160
410
37
761
71
924
78
779
995
836
146
377
427
256
529
289
847
314
146
455
198
355
155
152
780
850
325
308
266
524
214
779
934
603
892
357
879
971
488
874
807
635
252
586
891
133
876
90
799
374
545
997
729
700
502
861
550
827
170
169
703
736
948
637
691
840
995
570
163
483
444
970
470
48
909
361
534
785
452
333
159
997
683
240
50
185
102
952
364
624
121
419
712
421
56
403
614
403
325
777
239
121
100
709
170
9
423
56
146
227
389
657
224
72
249
626
609
703
579
325
679
52
744
391
474
153
146
88
556
471
217
795
593
669
857
115
30
280
171
176
507
912
185
83
337
787
62
946
842
641
624
522
693
720
913
519
225
412
959
782
883
529
929
828
198
138
943
229
418
114
757
277
27
295
361
364
82
423
662
924
416
638
798
461
711
64
333
936
476
292
70
711
821
352
540
372
490
483
601
909
950
710
186
977
5
899
693
439
674
707
716
442
346
514
904
409
930
237
345
406
881
768
118
55
120
10
427
610
493
380
519
443
90
58
772
448
309
817
887
336
525
955
778
223
470
682
632
752
271
977
159
153
745
629
208
865
991
987
828
484
367
347
280
809
757
404
257
419
222
497
755
747
452
533
970
274
568
954
379
839
931
890
344
29
519
552
246
862
891
74
346
610
774
978
420
883
383
29
302
605
878
57
704
683
943
26
309
511
980
688
350
263
578
695
644
449
599
891
311
843
317
10
453
443
988
225
679
723
255
981
680
485
391
736
168
686
762
830
197
742
518
899
358
449
594
2
898
546
245
210
389
915
572
842
358
912
420
37
636
675
371
668
512
114
405
33
800
167
863
997
262
381
248
620
182
195
974
81
741
220
643
482
135
215
676
845
127
96
883
115
123
606
784
636
720
189
669
872
708
532
221
970
265
469
942
448
664
917
881
405
489
524
239
624
91
916
821
570
12
704
686
136
662
822
772
734
11
793
606
71
325
827
394
942
297
688
742
313
957
975
719
446
499
958
422
942
226
244
513
239
300
551
375
963
373
147
697
736
940
656
159
617
835
553
911
484
242
6
798
199
981
869
646
833
179
420
127
406
664
640
645
965
543
20
280
268
519
329
4
811
985
516
780
821
69
43
657
663
401
455
863
383
324
861
568
856
281
695
262
946
336
259
263
231
631
543
500
150
872
856
313
210
372
445
383
794
840
40
457
242
496
320
625
172
533
545
28
815
240
642
113
928
901
728
160
532
271
12
34
495
868
699
705
593
144
440
387
337
481
844
579
329
517
556
853
50
101
234
217
341
876
682
270
778
410
782
310
33
794
345
881
14
44
938
607
541
379
346
878
212
543
457
541
60
365
746
462
466
980
32
807
857
66
429
987
829
211
297
214
5
994
95
20
391
34
979
284
765
326
162
977
869
971
870
281
336
968
95
154
949
479
961
158
546
743
145
375
954
794
589
312
789
685
684
532
71
663
816
188
341
978
165
562
301
387
195
989
355
291
143
304
770
104
462
316
199
959
43
506
754
633
818
895
670
854
427
93
869
243
281
211
573
798
125
874
185
321
215
892
612
358
197
734
814
11
51
14
323
446
520
77
431
690
972
453
544
399
546
413
994
179
976
919
977
102
145
162
423
360
407
387
718
604
121
532
967
524
546
290
971
418
719
402
108
691
856
4
442
754
418
436
934
746
707
911
200
852
426
975
212
833
362
930
789
484
463
108
360
361
751
683
780
470
438
888
514
646
893
956
400
663
745
334
761
452
598
962
305
376
937
517
561
300
800
350
136
263
810
848
624
561
532
756
384
970
997
898
616
890
206
16
905
951
703
666
756
653
980
413
29
918
282
590
570
82
292
58
697
102
906
674
16
790
430
400
760
427
298
376
669
504
745
926
808
800
593
916
805
925
681
186
843
963
128
765
398
420
175
95
874
82
121
890
872
552
642
985
331
940
713
1
797
810
927
957
610
872
225
415
150
906
601
345
221
729
111
971
501
286
67
728
720
540
618
945
92
613
282
776
553
995
129
702
806
408
11
768
281
236
184
783
494
137
128
68
219
239
39
72
878
458
800
950
999
771
247
443
384
529
219
289
525
348
992
683
757
355
451
390
944
987
173
438
477
653
858
696
245
898
768
123
356
921
425
355
692
673
151
76
202
370
365
79
71
709
762
180
65
566
922
9
553
95
799
30
100
658
78
345
908
199
820
264
120
246
972
812
271
123
240
825
845
957
905
916
667
19
448
84
937
370
93
491
817
244
873
918
254
952
263
162
151
84
779
623
682
751
787
953
226
27
130
71
984
387
340
3
407
788
87
696
511
532
187
328
777
413
246
383
365
510
546
868
946
325
843
980
428
630
933
6
9
63
429
993
803
121
349
562
910
436
258
773
969
446
101
98
211
348
481
576
210
379
796
508
56
639
488
484
621
773
490
630
188
272
975
991
393
324
553
655
113
812
428
82
610
530
532
821
230
13
749
440
393
897
948
449
888
788
286
509
561
128
491
749
400
466
741
794
143
294
449
256
106
230
690
68
760
222
889
990
235
638
782
980
887
82
782
775
870
420
284
431
548
775
180
301
594
273
447
89
568
248
345
26
478
35
95
590
609
336
580
844
327
714
177
214
148
959
990
18
379
626
801
279
754
334
580
348
607
379
789
527
628
134
554
106
521
1
697
130
689
629
326
16
696
855
231
844
814
573
215
545
199
16
177
953
350
109
653
310
489
442
837
469
928
743
575
801
96
624
283
786
606
610
802
654
465
385
498
632
958
713
529
158
82
58
463
432
168
117
94
9
911
284
478
192
379
405
993
476
30
277
614
988
887
768
642
704
154
140
688
464
206
218
622
288
628
438
72
796
907
167
805
818
803
635
10
182
41
4
658
423
633
624
411
872
393
53
576
547
545
617
11
103
187
986
391
815
424
816
612
331
335
769
501
138
405
864
320
446
868
331
869
853
955
632
725
348
37
653
247
582
270
259
38
457
597
429
273
21
597
237
704
932
6
557
70
763
421
743
561
641
74
782
494
29
414
219
730
451
873
977
386
495
236
424
953
185
205
578
558
803
815
262
87
173
172
510
937
593
253
850
235
327
633
729
708
399
301
438
203
526
416
941
21
4
717
326
190
922
904
100
77
71
715
517
245
887
27
534
480
280
736
715
607
369
797
667
121
450
106
324
976
874
265
349
230
334
28
772
256
284
873
686
708
588
203
953
475
230
839
307
862
575
375
821
297
172
488
770
974
946
94
950
172
711
651
403
45
31
527
653
316
752
691
24
340
246
329
167
828
520
475
690
447
202
511
96
374
352
866
348
298
960
650
823
23
653
578
68
37
105
74
353
858
765
729
550
12
410
70
840
282
897
883
729
99
394
826
825
746
692
173
397
5
175
572
380
180
150
801
217
607
875
922
817
992
3
720
4
765
790
197
47
39
80
129
138
826
955
963
925
999
488
674
356
15
246
737
195
748
538
765
707
765
687
525
757
691
245
114
808
387
663
856
426
743
985
916
921
292
879
846
643
719
520
0
734
118
89
281
218
979
46
926
744
86
451
853
129
48
319
937
787
982
793
565
77
130
481
999
422
712
845
66
431
718
418
517
188
507
798
407
838
197
333
582
283
136
787
412
536
107
701
675
89
495
240
167
977
721
166
400
785
363
818
216
433
236
733
974
95
883
733
933
80
418
867
363
554
654
127
442
761
829
117
203
676
709
370
653
782
888
405
567
603
223
783
389
459
868
715
554
751
448
487
832
866
354
547
772
361
27
214
474
856
683
677
884
392
399
537
174
639
943
741
595
166
876
336
978
96
51
532
847
499
372
31
365
78
931
137
439
958
703
914
166
386
943
50
130
343
939
656
334
882
749
929
401
625
265
731
73
668
615
920
167
987
304
884
418
235
373
209
545
76
123
711
814
419
761
296
114
700
952
448
935
701
730
688
678
995
419
751
664
34
24
183
374
680
68
792
267
793
1
812
870
477
523
36
248
284
685
362
336
637
810
271
691
540
311
369
888
730
473
904
117
497
87
843
529
507
987
796
301
988
608
523
817
131
911
65
767
596
427
455
234
590
79
277
482
390
646
370
473
471
274
942
968
714
785
849
573
772
645
874
112
253
749
282
736
661
699
855
609
127
311
843
69
390
472
551
132
119
274
605
942
548
899
911
614
684
112
188
808
758
414
273
363
164
555
100
177
254
307
786
733
970
982
154
712
454
706
845
925
980
802
868
880
702
131
495
738
243
35
899
1
449
172
365
965
79
817
142
685
124
929
419
95
263
573
807
717
631
4
995
963
159
863
844
861
994
691
951
589
726
850
591
527
374
308
845
453
477
987
491
953
268
262
48
883
835
208
601
819
564
596
782
723
811
626
936
805
669
888
394
395
90
337
275
817
997
120
622
474
459
113
428
80
375
828
963
563
388
564
382
953
512
516
676
323
143
965
480
164
205
227
912
295
564
187
112
562
659
735
388
118
200
816
198
576
645
162
139
33
78
873
338
943
389
15
618
884
332
99
49
537
326
961
832
242
500
297
156
159
384
545
629
584
361
828
512
358
342
651
392
772
876
730
67
266
97
686
502
429
137
551
318
815
864
503
57
364
800
566
523
536
111
505
472
824
333
985
183
27
988
927
151
217
9
219
483
459
905
985
240
42
889
559
857
753
62
266
118
214
832
993
750
295
850
574
472
183
911
7
562
252
286
714
469
295
285
952
754
542
289
995
584
530
906
793
284
968
59
754
182
244
99
932
891
950
858
363
485
770
722
400
22
8
466
491
304
751
795
410
293
436
757
229
967
663
22
603
631
433
357
165
29
808
449
273
110
308
988
596
78
711
996
452
719
814
943
375
565
90
138
210
878
895
439
845
559
813
448
542
598
157
708
980
318
157
253
428
817
241
24
895
952
372
347
24
186
642
399
103
84
537
313
963
785
104
808
696
917
609
238
868
118
298
848
436
808
101
865
625
342
241
873
647
966
220
671
504
215
422
608
299
960
273
614
97
378
423
793
647
384
383
515
502
682
363
291
842
816
508
467
511
749
340
158
67
913
181
572
480
603
180
779
915
453
394
12
183
169
157
831
905
541
346
759
575
62
50
417
878
558
884
741
660
577
899
727
490
432
651
970
388
831
101
303
637
847
668
820
368
825
3
273
366
350
33
293
764
83
710
994
994
947
736
6
524
987
85
366
772
737
336
160
920
789
463
557
637
483
730
5
309
733
631
27
435
664
321
199
99
383
546
445
330
634
451
206
621
537
572
393
626
260
905
546
50
369
456
39
204
186
396
513
271
27
893
59
43
566
610
495
301
156
940
632
790
744
838
764
633
411
509
259
23
415
157
73
136
613
464
340
151
213
206
423
592
99
482
636
17
92
131
318
601
423
302
391
167
493
507
800
904
17
411
279
784
569
353
920
182
169
612
334
382
818
109
327
269
943
315
638
387
798
957
988
221
611
732
389
104
591
541
360
960
953
640
744
522
345
16
56
514
629
742
249
799
851
576
69
146
243
707
534
41
16
874
262
628
958
3
84
550
897
445
862
850
85
959
724
430
975
780
296
956
875
897
756
726
825
177
225
68
236
111
109
253
337
372
233
296
727
317
198
624
762
60
826
199
19
550
629
347
683
278
303
558
175
411
636
1
588
213
69
177
324
179
430
662
903
15
310
982
332
860
607
447
920
433
646
292
336
628
991
19
906
646
929
81
58
565
434
998
131
504
175
455
35
957
469
290
972
779
272
657
639
879
104
912
665
102
556
1
730
547
372
636
193
301
70
603
218
504
954
349
360
481
805
395
791
626
685
115
406
310
772
397
189
228
309
854
683
217
207
413
764
579
402
310
880
472
265
451
328
571
800
689
53
957
436
196
584
122
311
342
784
436
739
973
664
401
180
347
970
387
113
87
319
867
397
199
691
14
2
19
938
803
708
343
112
145
539
48
619
850
742
403
286
834
728
303
235
260
2
205
648
467
292
967
334
41
518
25
408
873
45
346
28
105
689
140
602
580
541
573
782
283
328
69
117
57
724
704
317
78
262
317
898
906
636
232
948
507
610
708
380
7
406
760
112
95
900
67
27
793
640
809
77
321
230
546
378
306
251
47
385
513
717
283
419
705
867
719
564
477
779
296
484
185
56
949
632
309
16
659
102
8
469
531
329
699
78
59
6
681
107
743
194
176
378
965
233
245
37
798
723
816
94
559
354
151
508
986
460
524
646
914
885
467
446
214
518
524
274
876
205
733
619
751
261
997
68
494
595
105
292
670
274
739
229
628
242
90
966
702
966
964
616
851
431
414
66
302
938
692
178
495
425
150
246
686
499
315
180
94
772
825
116
398
564
346
378
806
788
345
860
754
309
828
958
93
243
24
395
533
716
573
29
493
723
275
179
223
942
711
669
715
536
786
465
452
484
844
258
272
189
470
378
850
651
336
943
894
712
690
427
780
616
456
273
339
84
452
914
26
516
584
93
52
722
911
505
206
755
115
830
296
938
208
498
589
545
794
483
609
484
262
390
100
71
663
792
507
468
706
533
984
642
979
388
364
890
245
570
997
361
400
293
299
961
791
240
858
585
75
467
422
337
209
522
760
873
666
267
693
373
153
677
367
484
417
732
726
663
654
723
24
407
368
675
720
159
267
578
97
342
397
519
31
607
393
792
832
60
411
525
785
916
554
152
400
971
236
126
634
243
849
10
2
217
37
722
729
304
652
178
998
49
49
30
8
442
174
840
854
585
365
639
502
271
144
902
243
732
381
229
327
582
592
329
152
629
403
881
286
55
411
284
457
460
666
465
902
840
306
109
778
23
100
280
295
596
534
890
329
267
471
8
850
63
338
2
45
93
235
683
501
646
967
958
106
986
775
360
826
433
469
956
457
922
236
104
518
123
994
199
390
465
208
592
881
898
594
926
991
181
609
492
827
928
802
933
914
578
646
93
11
467
49
820
389
638
924
260
113
270
459
855
88
19
448
321
917
42
247
261
576
208
753
403
136
908
689
403
486
335
848
849
154
249
22
896
239
946
156
352
569
967
208
9
987
656
330
256
50
929
517
626
137
623
382
625
531
71
380
369
758
580
218
264
182
240
160
421
539
668
774
460
636
334
821
975
342
503
231
744
432
749
723
921
372
105
898
903
528
631
272
286
211
842
550
393
435
63
167
326
731
293
786
719
627
607
694
969
110
278
65
894
27
788
815
751
893
65
6
421
696
630
59
908
472
962
653
259
25
820
585
108
113
723
828
92
330
874
413
792
152
479
38
531
267
205
282
161
271
288
934
319
918
994
227
743
956
233
2
333
405
940
793
519
663
621
963
346
848
377
490
352
856
529
884
123
734
518
636
357
159
571
677
429
917
256
172
873
841
527
558
247
467
351
118
482
325
81
828
173
458
319
877
666
200
761
790
286
632
778
644
791
349
673
220
266
929
745
491
771
624
49
18
443
401
488
925
78
569
754
251
380
425
128
46
625
242
188
911
874
967
907
17
668
580
589
935
510
334
778
633
958
828
3
401
581
491
679
11
412
785
262
792
210
742
839
187
336
27
98
562
346
358
579
15
938
169
302
800
855
80
785
166
260
788
567
193
631
246
204
44
31
818
836
593
561
27
780
249
407
231
812
105
589
743
120
879
264
422
680
472
855
465
638
115
606
205
309
237
804
865
633
187
684
822
133
597
201
913
846
960
496
10
66
437
106
186
317
722
961
349
194
816
166
832
931
772
390
592
362
546
458
995
733
494
169
218
91
371
132
289
331
980
300
397
418
758
936
735
480
897
436
675
713
602
507
996
727
249
941
89
795
751
436
881
245
606
99
336
329
583
625
660
564
277
410
334
35
346
421
516
243
857
543
308
459
402
656
186
652
597
627
447
348
416
680
593
22
780
281
703
363
907
363
279
536
773
965
572
119
386
88
714
243
983
374
55
385
31
241
37
628
221
837
329
637
517
274
11
297
556
714
13
815
429
644
351
203
610
275
674
996
715
741
240
698
115
647
84
146
888
121
127
461
958
808
98
476
82
461
125
990
175
138
805
605
135
509
160
745
784
834
741
500
927
333
198
43
980
282
541
221
756
668
34
714
476
133
542
911
594
668
901
122
158
707
727
293
568
239
38
352
425
132
852
353
465
51
396
798
685
937
371
441
958
405
508
786
890
50
49
837
718
951
959
877
10
38
170
578
277
561
930
54
693
135
407
510
538
803
308
223
93
31
17
403
789
525
541
679
575
591
516
646
894
827
875
904
217
45
834
846
606
116
901
299
603
308
162
141
464
470
717
909
854
734
664
643
611
205
674
538
148
543
184
42
370
59
298
940
457
484
786
63
601
687
715
204
348
877
698
812
699
415
721
905
501
385
548
112
942
223
650
91
118
187
485
488
246
136
428
703
620
567
119
573
606
186
130
954
63
180
118
114
595
839
20
448
576
920
560
871
495
562
314
613
749
151
454
996
287
882
51
260
801
522
185
408
708
667
362
771
847
481
238
794
672
258
242
601
178
154
824
26
717
138
639
818
641
93
166
281
328
218
893
129
740
78
889
449
98
252
572
945
85
810
92
109
420
686
62
951
841
886
977
910
376
616
728
18
710
895
299
38
465
192
519
557
622
409
358
720
13
931
18
450
93
462
559
514
148
622
465
989
860
442
899
237
410
980
607
120
875
906
510
692
450
382
249
424
791
608
497
156
891
515
606
984
329
165
850
477
139
315
819
0
109
70
589
520
50
196
992
277
454
503
969
904
237
219
680
28
179
177
184
70
44
790
54
373
307
905
851
447
572
22
799
34
92
388
554
143
584
898
420
38
753
390
294
990
961
974
18
140
152
554
210
196
696
616
922
356
873
773
803
798
147
602
832
239
342
386
382
926
284
155
964
390
545
258
380
858
584
751
998
736
305
560
285
354
528
207
710
754
332
865
552
479
819
384
718
161
122
453
87
758
608
403
148
505
13
529
363
597
280
713
334
937
625
619
643
505
826
705
259
158
570
811
989
741
195
707
902
317
160
341
428
120
744
576
625
757
457
340
707
737
405
41
27
30
12
670
888
190
728
147
700
298
959
689
40
506
748
294
176
261
636
604
381
732
180
7
490
638
699
197
727
105
590
106
487
954
129
375
144
857
875
196
507
834
885
899
692
633
194
868
894
830
472
628
562
5
987
404
995
686
953
74
143
895
181
983
849
310
710
345
167
585
541
26
771
778
926
464
764
120
332
10
302
157
638
216
162
625
973
157
664
278
583
159
174
764
142
23
74
853
721
593
438
262
972
562
393
898
26
157
18
358
167
672
515
158
888
29
783
213
186
799
492
770
959
666
886
453
41
313
306
762
258
97
377
230
659
770
128
685
279
498
395
446
170
911
956
411
940
92
624
479
891
468
601
202
134
839
656
528
152
314
642
411
411
371
641
422
141
122
459
772
620
855
571
143
118
527
906
410
619
882
241
863
351
194
65
837
34
73
365
186
388
360
949
151
731
943
574
225
417
385
997
37
592
568
532
62
448
438
473
67
673
714
930
24
261
348
861
295
421
579
833
809
939
783
313
670
78
239
247
495
624
245
884
569
813
417
631
261
207
104
681
880
171
963
256
432
663
470
79
85
49
912
246
340
47
559
362
125
150
610
972
775
207
857
344
20
626
975
634
185
432
667
66
955
982
674
387
646
144
818
731
545
730
329
237
130
241
600
607
391
562
580
518
769
789
862
141
415
190
127
952
974
146
18
929
129
45
316
775
189
134
858
87
216
539
324
346
780
276
306
524
838
886
42
959
27
257
101
442
447
580
746
773
727
765
702
856
162
18
983
351
504
841
438
72
380
763
771
513
39
77
37
230
963
431
189
990
688
642
784
487
223
530
260
950
647
962
158
161
332
141
513
188
334
303
261
66
418
384
579
810
461
968
40
776
400
581
118
440
224
254
928
799
136
540
749
136
503
259
297
187
400
810
376
86
466
989
152
884
373
732
46
186
52
438
962
452
20
80
893
596
686
173
395
822
713
496
958
568
755
256
756
507
418
484
593
884
825
97
121
198
181
167
384
234
606
698
38
978
130
283
926
816
456
321
990
522
169
949
90
276
205
198
135
975
34
80
860
859
177
333
409
359
500
145
593
458
843
631
788
325
915
714
141
723
387
484
245
556
433
688
832
990
238
967
965
273
399
177
132
577
510
894
936
363
39
881
821
883
864
962
560
779
676
54
855
64
538
452
972
971
140
805
961
731
124
278
4
524
456
488
101
966
382
389
329
422
270
503
657
134
465
217
266
493
271
121
909
809
573
882
132
66
687
445
797
163
724
153
39
180
993
492
498
728
881
828
150
503
683
159
990
500
728
608
993
352
81
903
513
6
785
998
424
824
443
221
339
167
726
379
699
720
871
198
448
105
378
950
960
61
461
302
561
541
910
906
893
343
161
759
350
946
757
126
122
200
700
462
720
426
193
419
498
416
969
298
521
347
248
834
760
61
136
673
603
399
580
848
94
741
607
444
40
364
923
514
565
623
328
637
49
521
56
548
938
26
198
811
725
447
645
486
860
134
511
463
885
91
312
979
185
271
776
577
636
699
91
553
322
772
190
371
293
598
271
583
624
470
395
702
269
392
188
129
878
699
945
763
143
609
743
680
880
519
609
516
218
52
421
892
824
611
263
118
210
887
53
186
709
800
888
330
193
428
811
423
480
756
187
623
717
282
655
598
801
264
466
371
316
888
263
141
851
878
611
61
117
664
600
826
465
488
156
10
269
968
785
749
76
972
724
794
606
379
744
407
995
210
130
311
98
745
804
302
976
415
715
93
432
315
272
249
156
780
611
425
100
396
526
177
721
250
323
327
981
67
87
976
277
217
287
728
315
444
382
291
211
97
384
643
765
8
244
921
789
855
698
889
604
224
418
325
826
741
652
807
160
739
783
790
309
422
870
624
866
252
267
78
349
3
73
114
12
318
387
801
525
85
42
129
661
461
454
487
554
459
646
715
198
429
505
507
204
375
483
70
979
750
500
328
754
926
795
118
244
182
919
121
620
313
251
281
774
57
121
681
516
119
396
67
901
253
574
105
980
410
527
959
512
380
639
266
306
434
736
902
969
655
23
589
321
626
222
95
36
695
776
552
815
524
619
716
129
546
173
109
308
700
420
820
432
412
439
738
846
175
640
815
183
16
756
504
994
979
951
30
674
728
935
841
604
906
557
86
804
82
547
112
135
968
933
567
380
372
306
578
547
298
746
730
666
502
234
661
833
186
43
508
266
978
349
222
237
259
308
41
693
856
154
828
176
87
396
908
459
54
486
358
704
584
441
371
439
675
384
272
213
427
780
831
758
482
54
995
93
714
36
786
922
190
967
98
629
715
6
88
769
845
799
473
781
240
844
220
267
228
493
833
8
625
664
766
459
70
761
904
137
797
43
59
340
10
158
969
725
516
410
846
713
209
319
847
801
516
67
68
96
912
901
104
538
918
222
349
340
983
254
477
133
649
537
473
659
47
442
736
915
852
582
629
413
253
476
566
121
895
635
218
808
888
674
698
158
897
399
499
232
653
976
365
654
513
190
665
912
985
401
828
189
335
457
603
941
285
169
62
532
156
632
340
397
659
390
555
908
790
54
492
795
383
858
450
248
400
115
161
385
869
989
575
556
798
530
849
435
51
264
967
560
896
660
957
907
50
864
167
192
271
660
988
654
870
438
902
270
905
415
8
126
404
935
683
554
465
532
989
868
796
957
428
45
969
737
304
19
602
472
212
873
132
552
879
354
342
133
976
247
549
984
374
953
919
409
508
736
941
849
957
90
806
385
487
127
123
791
147
77
615
711
950
99
263
181
453
605
314
430
204
863
766
930
169
38
339
29
774
633
878
731
75
37
469
562
164
944
353
663
21
321
374
323
420
989
504
874
946
818
656
503
34
422
433
555
460
125
584
587
758
814
670
833
851
139
747
368
83
452
31
456
773
758
779
194
99
635
420
46
806
76
549
840
850
334
395
663
459
331
602
569
145
272
754
997
764
501
365
199
306
748
656
79
506
787
625
606
423
45
4
581
473
905
421
676
591
168
691
51
499
293
972
996
565
727
993
329
580
710
529
886
811
537
318
669
324
943
275
99
341
631
680
166
888
453
842
480
973
533
883
472
826
855
469
744
934
814
73
867
877
954
105
688
491
423
357
168
719
985
619
60
968
300
226
857
105
421
689
79
306
572
903
485
779
724
229
66
891
654
285
768
609
390
808
452
166
517
972
885
854
592
297
823
244
875
32
701
296
721
780
955
645
36
440
776
760
669
842
651
323
479
419
284
870
579
89
36
97
61
921
303
5
570
126
601
445
510
303
94
583
435
49
580
471
489
357
232
158
551
883
833
31
655
118
253
586
207
289
35
620
562
339
626
132
817
579
929
328
882
23
263
670
72
844
141
561
553
725
71
456
961
905
487
968
375
92
554
582
381
590
554
295
929
532
779
98
112
709
426
346
84
42
16
157
886
510
70
439
235
494
247
196
399
735
516
126
179
71
708
561
13
614
208
294
147
988
392
611
49
171
957
133
213
326
290
99
836
713
890
71
207
137
620
958
224
136
84
404
559
144
317
572
758
525
218
905
865
611
516
914
782
826
48
995
152
690
446
988
403
688
411
610
177
383
568
754
872
652
510
783
796
179
356
907
704
926
164
922
537
33
836
671
859
236
666
11
927
464
351
330
504
114
941
682
498
861
788
722
866
298
505
662
829
213
569
885
140
86
807
677
119
644
349
978
880
367
341
159
184
44
490
688
158
783
722
8
644
862
730
510
160
236
525
989
449
446
875
589
532
34
619
651
30
320
629
263
687
322
422
223
366
912
912
525
695
986
885
692
849
616
202
361
204
79
703
653
526
930
595
58
964
566
710
995
886
691
610
925
14
32
149
732
297
413
609
344
399
495
36
248
111
591
962
315
670
665
320
196
595
267
607
911
833
317
258
719
360
868
997
726
253
146
459
550
559
420
894
310
915
931
911
378
874
873
45
544
538
366
741
485
985
700
748
819
17
7
890
729
227
887
808
480
33
267
30
944
39
277
255
955
560
166
685
434
391
731
978
281
97
71
766
82
771
866
253
140
873
144
222
101
383
30
933
769
649
316
713
688
593
320
995
505
838
681
939
229
412
269
510
861
693
628
295
816
495
549
309
720
45
531
173
428
561
107
197
210
423
911
250
368
583
246
873
422
927
164
651
339
785
514
200
478
142
495
295
989
396
604
710
441
487
883
870
48
342
67
610
765
330
860
485
914
106
358
336
385
874
339
724
660
205
276
138
700
124
785
689
520
741
751
962
228
987
832
628
329
251
590
447
582
451
932
848
909
643
536
647
517
875
371
177
433
0
668
133
124
453
174
644
547
926
958
127
913
790
756
594
394
698
41
976
501
974
824
763
969
360
410
486
587
781
16
20
133
684
505
257
489
680
254
36
958
212
164
223
355
272
817
749
322
859
77
824
185
901
587
154
613
997
992
552
130
8
573
264
692
430
873
182
110
479
570
68
44
86
291
751
710
461
500
33
672
577
209
857
830
796
363
795
145
707
347
627
716
272
891
760
703
117
294
165
948
865
234
992
303
877
743
14
690
595
399
362
524
608
571
706
756
934
501
901
642
849
528
710
121
772
470
176
241
765
342
189
982
928
182
637
157
277
3
848
873
402
210
397
362
782
104
118
68
957
19
62
158
900
772
632
672
595
808
913
712
502
454
694
430
988
683
940
266
687
788
491
89
350
240
452
484
696
570
553
654
942
615
812
842
740
444
514
335
605
779
47
107
233
93
538
222
776
478
840
463
618
331
905
968
571
709
453
268
279
358
922
573
325
86
415
65
531
281
752
488
412
799
595
646
892
133
220
21
963
60
484
933
391
741
902
314
450
707
582
82
417
856
655
742
943
423
808
826
704
560
314
469
712
909
115
956
395
687
977
710
747
814
644
490
555
898
804
358
957
739
440
374
595
447
116
890
870
276
716
927
189
382
396
253
644
863
209
391
550
539
101
649
353
97
139
260
995
295
970
952
34
410
678
982
210
147
872
80
775
941
359
964
323
755
217
967
618
779
358
520
318
812
169
23
909
660
635
257
956
606
561
342
368
240
324
578
387
197
11
162
138
370
479
813
478
48
133
96
179
843
617
497
655
138
872
917
799
860
174
755
466
735
97
186
327
774
117
66
971
128
581
461
850
60
626
328
460
759
425
640
603
394
489
610
884
362
527
683
574
53
790
40
141
240
578
468
14
695
535
337
175
116
150
26
528
776
354
988
888
131
980
843
877
470
453
762
184
333
445
758
738
236
150
879
828
728
700
842
776
235
531
951
703
681
329
583
457
684
923
345
815
904
188
45
374
994
807
910
679
604
668
417
840
170
297
20
898
997
862
26
584
393
978
639
74
659
222
884
343
145
581
511
401
122
556
127
116
715
37
795
319
57
212
512
227
861
532
478
210
395
504
794
140
834
785
567
494
7
451
189
505
384
700
258
506
608
386
622
323
423
769
995
833
334
507
60
195
39
538
406
786
395
552
927
229
338
846
75
697
297
265
554
681
317
813
540
926
199
162
601
974
932
596
807
266
455
220
813
495
110
571
281
505
476
560
735
814
406
162
863
55
427
770
89
745
583
629
23
134
143
624
460
427
573
620
693
28
840
859
875
950
430
509
808
906
421
895
72
828
57
288
235
485
58
676
230
993
305
605
479
449
581
291
876
154
911
922
535
103
133
762
406
915
271
566
174
693
461
246
873
518
886
108
3
296
785
585
289
442
190
120
243
772
412
472
278
675
746
165
131
879
928
889
794
199
455
320
244
916
919
117
434
805
578
438
102
715
375
743
157
566
864
401
690
628
225
968
303
971
486
434
850
414
675
996
965
130
317
210
46
236
679
481
393
257
271
495
972
646
591
482
564
455
235
254
435
460
575
738
431
61
525
633
827
200
981
792
331
650
354
729
238
386
210
632
643
833
479
968
480
70
802
44
877
37
651
312
497
226
403
280
287
928
265
114
480
246
258
163
249
613
893
487
351
455
471
994
641
951
314
473
373
468
517
603
505
520
267
354
746
670
986
385
950
251
851
783
850
110
946
99
75
191
938
426
999
410
772
640
713
439
113
438
907
982
41
765
503
309
119
601
331
458
987
282
61
838
417
911
948
363
362
375
907
653
801
906
415
574
546
128
13
659
566
272
993
960
37
496
621
509
98
952
967
437
586
28
275
3
292
576
719
6
951
626
11
753
884
426
679
782
554
44
441
473
316
786
785
706
283
406
215
733
358
534
170
297
562
445
652
206
373
371
565
325
349
576
430
585
3
461
367
909
505
160
734
173
947
519
879
230
925
446
315
636
980
485
285
895
282
937
101
656
661
666
981
362
243
763
948
598
224
315
507
81
828
242
254
775
761
486
357
39
284
672
27
265
157
312
160
439
249
613
95
910
632
428
625
227
191
573
825
767
240
332
848
68
926
455
843
40
293
552
79
577
224
106
194
733
770
706
525
19
320
972
282
304
401
259
531
944
832
708
712
424
392
912
493
319
719
688
359
12
241
790
942
817
248
136
551
370
195
428
389
867
400
23
171
801
282
54
98
466
762
162
891
154
74
736
825
146
776
184
158
369
326
452
187
926
589
90
296
784
518
38
651
918
413
174
72
48
228
522
514
990
684
757
496
110
493
322
256
270
858
767
991
185
219
178
463
160
620
760
296
490
798
299
409
563
473
833
611
701
355
126
43
391
235
540
501
729
862
110
351
720
229
342
257
448
873
721
609
493
833
257
984
983
557
745
546
30
930
158
84
285
636
479
28
871
371
529
952
585
991
303
658
220
998
915
21
223
988
982
68
821
239
404
156
796
149
703
179
79
213
615
716
201
94
744
72
466
626
25
51
969
680
709
542
30
977
563
253
317
545
674
139
784
78
647
933
228
702
112
659
915
727
728
116
173
824
541
639
802
918
43
124
950
104
666
981
81
229
586
399
774
260
890
910
339
889
843
919
592
307
930
859
34
10
328
560
835
869
199
989
139
594
113
89
699
779
422
132
360
9
883
486
621
773
397
312
15
592
583
607
900
514
466
286
876
794
846
63
15
398
53
154
344
518
244
395
650
666
528
10
27
411
849
1
537
598
665
552
190
249
511
442
115
977
81
991
124
279
55
139
29
460
294
374
978
890
769
980
908
649
991
288
413
192
289
302
790
954
206
332
555
717
775
670
46
208
14
170
487
69
662
517
881
308
243
859
198
364
840
458
14
183
746
427
375
387
729
517
694
935
849
249
4
624
272
50
184
286
573
672
707
235
541
588
543
136
799
93
500
991
903
514
174
650
293
901
37
374
418
731
661
620
333
665
244
605
716
781
891
289
453
598
876
346
538
771
482
337
864
334
329
767
201
855
769
494
109
159
869
527
890
530
499
575
548
744
180
264
877
423
905
330
21
781
28
559
552
862
249
768
196
578
887
749
433
657
244
542
816
465
422
58
347
921
986
895
17
166
511
894
590
416
576
963
549
956
875
101
170
124
221
719
54
109
468
487
118
712
382
286
529
156
696
229
429
682
124
799
201
988
45
791
404
974
106
954
930
981
407
453
457
629
172
511
90
640
351
208
705
85
846
234
593
542
463
22
225
940
173
426
928
219
569
684
545
27
990
827
9
398
280
818
379
452
682
469
93
33
29
150
118
875
384
63
769
200
85
994
140
611
772
420
830
341
104
375
721
95
554
730
845
835
900
224
639
582
45
732
967
426
234
437
653
619
500
422
171
586
769
663
197
541
83
379
235
539
106
956
986
660
38
831
847
938
407
487
873
804
571
840
230
806
278
235
777
778
658
948
716
427
963
265
968
398
996
555
937
102
511
924
115
901
107
962
192
515
449
65
319
21
257
902
179
535
137
956
666
795
256
734
222
219
0
543
617
996
450
906
451
962
182
566
215
290
880
407
805
682
472
124
703
730
26
234
617
164
190
635
311
446
722
886
17
722
781
986
70
231
892
873
193
427
791
409
717
672
168
522
354
641
998
409
723
377
643
692
893
185
680
204
983
402
90
0
476
871
338
898
103
230
772
648
9
563
409
726
587
578
600
293
571
599
702
646
976
697
690
221
882
370
425
217
772
868
217
248
91
555
499
546
138
271
547
147
186
308
226
126
238
826
419
809
425
474
807
753
171
498
974
406
868
752
623
993
972
193
241
415
100
92
962
590
363
861
738
902
169
316
28
408
142
447
569
920
921
377
673
445
875
0
203
743
104
178
736
76
371
330
491
824
774
805
414
138
18
504
40
540
820
420
300
963
219
869
883
141
598
908
938
473
908
493
569
364
671
657
440
395
339
284
219
114
441
633
604
460
138
996
0
310
416
300
273
635
521
508
128
120
769
418
945
677
911
866
394
935
876
834
330
567
470
549
33
912
534
989
724
672
985
724
335
753
376
960
741
249
469
221
721
238
992
19
267
903
237
661
190
113
848
520
33
318
69
418
582
956
408
306
980
745
382
315
851
110
276
592
360
97
165
81
335
157
452
954
413
690
968
603
155
816
124
188
486
545
607
69
501
367
727
834
112
110
149
963
572
425
907
932
522
425
366
209
582
818
516
347
860
484
951
16
652
427
204
138
324
163
559
178
530
639
12
995
101
161
310
673
939
218
958
461
643
324
23
577
494
539
925
355
23
876
371
27
655
927
517
979
91
429
157
973
68
521
968
169
683
279
194
622
849
152
435
492
828
458
421
675
349
346
30
372
574
753
399
229
32
269
209
475
698
718
449
766
240
769
287
275
400
481
897
249
634
684
93
462
495
515
137
844
861
519
217
436
624
968
17
657
237
226
132
935
297
933
53
537
703
340
812
103
822
61
705
808
745
798
622
240
313
112
85
527
631
654
315
608
974
332
617
564
911
749
851
208
35
905
97
738
597
261
193
771
322
898
579
419
697
554
12
362
666
449
241
649
455
908
257
781
241
874
345
504
976
197
64
363
454
161
101
51
774
646
175
448
545
754
867
594
308
231
956
326
32
550
976
487
458
585
269
51
812
966
555
140
163
971
503
969
484
956
373
258
602
548
706
147
654
926
741
963
509
50
641
542
600
617
381
58
555
2
110
367
969
17
507
484
989
362
454
473
318
827
84
920
727
790
68
381
68
809
696
578
859
338
120
811
307
853
870
862
856
332
229
825
349
88
309
690
450
115
164
768
294
248
41
21
390
109
403
811
270
99
389
482
789
861
293
97
714
163
959
922
847
541
747
197
981
409
887
784
524
403
904
171
3
945
192
394
54
947
557
677
399
946
159
188
159
804
285
225
320
597
148
167
138
247
364
119
656
604
255
533
7
160
704
11
105
248
757
512
196
314
189
947
612
700
135
123
856
421
348
176
18
496
696
508
744
412
979
752
16
235
285
376
395
341
739
852
942
496
364
490
162
905
437
126
957
572
249
814
993
597
342
363
446
38
871
542
451
851
294
467
86
580
843
833
273
582
685
215
430
402
57
944
307
494
422
265
67
671
431
412
621
773
128
67
812
999
609
263
202
903
82
640
835
278
473
461
860
159
28
643
561
86
939
220
580
362
837
999
33
268
764
6
42
892
73
854
243
34
469
446
290
551
86
477
829
560
938
42
71
319
37
984
405
976
556
337
690
394
689
76
662
453
82
56
345
156
262
588
542
731
386
832
635
473
310
816
385
600
858
456
919
247
792
324
576
348
14
266
742
703
342
757
156
425
813
853
933
76
793
475
807
180
308
794
5
970
611
390
570
821
198
842
69
990
166
997
690
532
263
433
235
958
190
743
383
3
948
668
431
94
143
239
274
803
385
631
773
996
21
696
818
571
538
239
561
56
236
251
589
499
36
176
809
578
272
192
934
220
860
365
314
356
956
940
159
342
571
285
338
944
981
508
515
871
747
428
927
335
32
868
187
68
45
996
999
317
541
933
889
753
298
556
109
607
496
621
301
420
906
639
716
239
500
584
110
599
12
389
935
44
258
122
465
655
470
464
324
11
397
213
765
47
769
874
6
618
847
307
390
105
299
106
344
799
690
806
750
703
548
685
99
806
159
564
461
630
380
785
641
129
350
758
529
120
633
535
90
832
195
480
938
494
586
282
645
629
441
395
332
989
433
783
147
944
700
608
574
432
745
568
562
447
326
91
919
311
978
9
144
173
489
82
19
428
716
664
57
157
60
741
498
845
524
645
789
576
605
364
9
702
284
571
150
962
14
69
274
344
431
770
870
920
204
889
348
920
554
757
430
966
498
280
811
375
926
600
951
883
316
312
586
952
235
88
915
249
509
541
946
940
663
168
213
867
57
913
139
963
671
672